320 2.82
330 2.76
120 2.78
325 2.83
340 2.96
360 2.72
335 2.87
350 2.83
10 3.01
345 2.60
375 2.87
4835 2.67
355 2.99
130 2.92
395 2.90
545 2.90
455 2.84
480 3.01
495 2.60
505 2.74
595 2.69
540 2.89
515 2.79
510 2.75
605 2.71
520 2.85
555 2.49
500 2.65
485 2.77
570 2.71
550 2.98
585 2.82
575 2.74
685 2.91
695 2.74
565 2.73
610 2.68
705 2.65
590 2.73
710 2.82
535 2.84
630 2.99
620 2.73
690 2.92
560 3.17
530 2.60
785 2.69
580 2.79
600 2.78
755 2.77
730 2.77
715 2.72
625 2.91
775 2.62
735 2.86
845 2.62
760 2.71
780 2.62
740 3.08
870 2.77
655 2.87
810 2.67
770 3.09
800 2.77
820 3.05
745 2.95
795 2.75
805 2.94
860 2.62
790 2.75
955 2.98
765 2.94
885 2.70
855 2.72
980 2.82
945 2.74
910 2.71
850 2.69
830 2.88
815 2.76
1050 2.76
960 2.95
990 3.03
1060 3.01
835 2.94
1010 2.98
995 2.65
1035 2.89
1000 3.14
1095 2.85
1030 3.06
1115 2.64
985 2.82
1045 2.68
1015 2.63
1600 2.97
1090 2.57
1020 2.81
1140 2.84
1145 2.84
1215 2.70
1130 2.92
1230 2.87
1120 2.63
1170 2.56
1125 2.86
1165 2.97
1155 2.79
1270 2.71
1240 3.01
1225 2.79
1260 3.00
1175 3.30
1195 2.82
1255 2.56
1200 2.85
1285 2.83
1245 2.65
1280 2.86
1300 2.64
1395 2.66
1320 2.87
1360 2.78
1350 2.66
1335 2.75
1425 2.77
1375 2.51
1430 2.65
1265 2.65
1385 2.75
1340 2.76
1370 2.89
1345 2.70
1315 2.69
1405 2.81
1365 2.76
1330 2.80
1490 2.78
1495 2.60
1400 2.31
1480 2.70
1440 2.91
1460 2.78
1435 2.68
1355 2.76
1540 2.89
1485 2.71
1475 2.72
1380 2.91
1510 2.83
1455 2.83
1505 2.89
1580 2.82
1530 2.69
1525 2.92
1545 2.79
1585 2.75
1575 2.84
1655 2.97
1630 2.69
2245 2.41
1625 2.77
1560 2.92
1605 2.73
1645 2.69
1615 2.70
1670 2.81
1635 2.87
1730 2.93
1685 2.54
1665 2.66
1765 2.73
1570 2.80
1720 2.84
1800 2.91
1700 2.73
1735 2.56
1755 2.91
1860 2.70
1865 2.73
1760 2.83
1775 2.68
1810 2.77
1790 2.73
1785 2.72
1830 2.94
1880 2.74
1925 2.49
1835 2.68
1815 2.77
1715 2.79
1950 2.54
1890 2.84
1825 2.73
1975 3.08
1885 2.72
1855 2.57
1915 2.76
1930 2.78
1990 2.78
1905 2.73
1840 2.98
1895 3.02
1820 2.83
2000 2.86
1955 2.81
1960 2.74
1910 2.92
1935 3.01
1750 2.73
2025 2.83
2015 2.81
2045 2.72
2030 2.79
2050 2.90
2155 3.05
1850 2.99
2065 2.72
2085 2.68
2070 2.76
2055 2.53
2185 2.66
2090 2.87
2190 2.45
2075 2.86
2120 2.94
2125 2.65
2175 2.60
2100 2.89
2250 3.02
2140 2.74
2105 2.76
2265 2.76
2215 2.77
2180 3.05
2195 2.68
2115 2.85
2345 2.59
2355 2.78
2270 2.83
2150 2.73
2235 2.77
2325 2.93
2315 2.60
2375 2.79
2300 2.87
2255 2.53
2340 2.65
2350 2.79
2295 2.66
2230 2.81
2370 2.83
2460 2.89
2365 2.74
2400 2.93
2440 2.83
2415 2.87
2435 2.66
2410 2.89
2495 2.63
2505 2.79
2475 2.73
2450 2.65
2430 2.84
2445 2.60
2465 3.06
2470 2.79
2500 2.97
2360 3.05
2520 3.21
2535 2.84
2390 3.06
2615 2.84
2525 3.03
2575 3.04
2480 2.92
2425 2.79
2485 2.72
2565 2.79
2555 2.86
2670 2.84
2550 2.96
2585 2.96
2705 2.69
2635 2.99
2720 2.87
2660 2.58
2760 2.73
2695 2.81
2595 2.70
2780 2.94
2675 2.95
2685 2.93
2630 2.68
2690 2.59
2725 3.12
2835 2.85
2795 2.78
2750 2.94
2735 2.71
2805 2.95
2830 2.87
2825 2.82
2850 2.94
2885 2.92
2845 2.47
2935 3.05
2875 2.61
2940 2.42
2985 2.97
2905 2.71
2930 2.99
2815 2.51
3000 2.64
2965 2.61
2865 2.64
2745 2.75
2955 2.71
3050 2.70
2970 2.61
2740 2.81
3055 2.78
2995 3.06
2920 3.00
2915 2.95
3030 2.87
3070 2.86
2945 2.40
3140 2.89
3060 2.71
3120 2.89
3105 2.79
3165 2.67
3090 2.79
3020 2.77
2975 2.65
3125 2.95
3145 2.57
3210 2.75
3100 3.02
3025 2.76
3110 2.98
3135 2.68
3065 2.89
3225 2.72
3285 2.69
3115 2.75
3175 2.53
3085 2.75
3245 3.00
3015 2.65
3200 2.90
3220 2.92
3170 2.58
3325 2.77
3310 2.83
3265 2.80
3330 2.60
3270 2.72
3280 3.00
3255 3.06
3350 2.79
3340 2.82
3360 2.77
3370 2.96
3455 2.83
3275 2.82
3460 2.63
3390 2.85
3365 2.72
3490 3.18
3410 2.70
3380 2.81
3400 2.80
3475 2.83
3430 2.71
3530 2.97
3485 2.69
3505 2.66
45 2.67
3525 2.59
3385 2.74
70 2.78
25 2.80
3515 2.82
20 2.65
85 3.12
3520 2.86
65 2.72
3375 2.49
4180 2.78
3440 2.97
75 2.64
3510 2.71
3425 2.70
30 2.52
95 2.88
3445 2.65
115 2.94
35 2.56
55 2.99
100 2.76
5 2.74
290 2.95
305 3.02
4355 2.78
3695 2.90
295 2.65
3545 2.75
285 2.88
40 2.68
310 2.97
4185 2.88
445 2.56
470 2.64
110 2.87
15 2.96
365 2.92
440 2.88
420 2.93
450 2.62
50 2.72
435 2.99
4840 2.88
370 2.58
380 2.82
430 2.57
405 2.85
465 2.68
390 2.87
385 2.75
400 3.07
475 2.95
460 2.56
105 2.64
490 2.73
410 2.83
415 2.84
425 2.70
670 3.06
525 2.78
700 2.74
635 2.61
80 2.58
640 2.93
680 2.74
615 2.56
720 2.68
750 2.81
650 2.58
675 2.81
660 2.93
665 2.57
975 2.76
825 2.64
1005 2.78
1040 2.87
920 2.66
940 2.72
880 2.95
875 2.83
840 2.73
900 2.58
935 2.89
965 2.94
915 2.82
1025 2.57
1070 2.63
890 2.84
905 2.76
1100 2.81
1135 2.66
645 3.14
925 2.68
1180 2.96
865 2.92
1065 2.88
895 2.73
1150 2.73
1190 2.89
1080 2.84
725 2.86
1075 2.96
1235 2.73
1290 2.75
1160 2.91
1105 3.02
970 2.98
1185 2.76
1295 2.83
1210 3.01
1110 2.85
1220 2.71
1205 2.79
1250 2.68
1420 2.79
930 2.72
950 2.94
1310 2.70
1275 2.81
1390 2.73
1305 2.97
1410 2.74
1500 2.70
1325 2.70
1690 2.79
1535 2.88
1415 2.75
1620 2.88
1710 2.92
1470 2.84
1465 3.13
1445 2.83
1555 2.74
1725 2.77
1450 2.82
1640 2.75
1565 2.52
1515 2.71
1650 2.66
1520 3.07
1590 2.79
1055 2.65
1610 2.83
1675 2.77
1085 2.85
1805 2.76
1705 2.72
1745 2.95
1875 2.72
1550 2.94
1660 2.98
1965 2.67
1900 2.98
1780 2.92
1680 2.76
1695 3.18
1740 2.99
1595 2.72
2035 2.77
1920 3.01
1985 2.92
1795 2.64
1945 2.81
1940 2.56
2135 2.78
1770 2.66
1995 3.06
1845 2.77
1870 2.96
2110 2.83
1970 2.97
2060 2.65
2040 2.67
2020 2.70
2010 2.79
2205 2.80
2260 2.65
2080 2.73
2095 2.56
2165 2.90
2285 2.85
2170 2.88
1980 2.62
2130 2.63
2890 2.90
2005 2.50
2305 2.97
2335 2.60
2225 2.74
2160 2.83
2220 3.03
2210 2.93
2420 2.59
2240 2.75
2145 2.56
2275 3.03
2280 2.85
2330 2.70
2320 2.86
2455 2.92
2380 2.72
2310 2.78
2385 2.94
2290 2.84
2200 2.75
2490 2.83
2510 2.82
2515 2.61
2580 3.06
2540 2.89
2560 2.65
2600 3.01
2625 2.86
2570 2.98
2610 2.91
2650 3.14
2590 2.93
2640 2.89
2620 2.74
2700 2.59
2655 2.82
2395 2.86
2545 2.75
2405 2.98
2605 2.58
2860 2.69
2790 2.69
2785 2.98
2665 2.75
2715 2.75
2680 2.69
3535 2.89
2900 2.56
2870 2.66
2800 2.70
2710 2.93
2895 2.79
2840 2.67
2730 2.78
2755 3.06
2765 2.64
2925 2.80
2810 2.49
2855 2.97
2960 2.92
2775 2.89
2880 2.73
2530 2.82
2910 2.80
2645 2.64
2980 2.67
3010 2.89
3005 2.76
3040 2.90
2820 2.83
3035 2.56
2770 2.86
2990 2.63
3155 3.05
3235 2.69
3150 2.63
3075 2.85
3095 2.92
3260 2.70
3240 2.85
3300 2.92
3130 2.76
3320 2.83
3250 2.71
3180 2.74
3215 2.88
3045 3.02
3080 3.37
3205 2.83
3315 2.81
3345 2.71
3190 2.68
3495 2.69
3355 2.80
3230 2.89
3160 2.81
3185 2.77
3290 2.63
3395 2.80
3420 2.76
3480 2.96
90 2.86
3295 2.79
3335 2.67
3435 2.58
3195 2.72
3465 2.84
2950 2.81
3415 2.74
3470 2.52
4085 2.87
3500 2.76
4195 2.76
315 2.89
125 2.78
280 2.80
3670 2.67
3655 2.89
3650 2.74
4200 2.98
4690 2.71
3705 2.92
180 2.42
4090 3.07
3645 2.88
3450 2.79
3305 2.83
210 2.68
3710 2.64
3405 2.94
185 2.75
265 2.81
3690 2.75
225 2.81
200 2.85
190 2.75
3640 2.64
60 2.78
4370 2.61
165 2.71
245 2.80
240 3.07
215 2.57
3995 2.78
205 2.67
220 2.74
4080 2.74
4015 2.97
260 2.89
3990 2.82
160 2.78
255 2.85
4020 2.86
4025 2.56
4075 2.66
235 2.66
4035 3.00
3715 2.72
3985 2.62
4040 2.69
250 2.77
4055 2.82
4060 2.74
3700 3.00
4030 2.53
275 2.55
3680 2.69
3665 2.83
3675 2.91
300 2.73
4380 3.02
3540 2.92
3660 2.66
4215 2.84
4065 2.76
4045 2.78
155 3.19
4695 2.80
4705 2.75
3970 2.56
3685 2.88
4675 2.55
4205 2.68
170 2.79
4670 2.88
195 2.73
4050 2.78
175 2.78
3975 3.01
4000 2.73
4070 2.70
4010 2.58
3720 3.09
230 3.00
4680 2.74
270 2.77
4005 2.86
4190 2.70
3955 2.75
3980 2.74
4390 2.70
4225 2.64
4415 2.62
3730 2.76
4685 2.89
3960 2.83
4405 2.78
3965 2.74
4395 2.77
4210 2.69
4420 2.75
4795 2.72
4400 2.63
4820 2.96
4865 2.65
4810 2.88
4855 2.99
3745 2.74
3735 2.81
4375 2.77
4385 3.13
4815 2.65
4870 2.51
4850 2.73
3930 2.93
3920 2.84
3620 2.81
4660 2.77
3635 2.64
4365 2.80
4220 2.65
4715 2.65
4230 2.74
3625 2.82
4100 2.80
4430 2.75
4410 2.58
3750 2.81
4665 2.82
4245 2.83
4130 2.95
4720 2.71
4845 2.72
4115 2.82
4120 2.96
3630 2.92
4155 2.73
4095 2.78
4150 2.73
4110 2.76
4125 2.79
4700 2.93
4875 2.72
4165 2.60
4160 2.81
4135 3.05
4825 3.08
150 2.59
4860 2.91
4175 2.71
135 2.78
3925 2.99
4235 2.90
3940 2.92
3755 2.77
3615 2.90
3765 2.66
140 2.72
4255 2.76
4140 2.73
4170 3.14
3945 2.68
4805 3.03
145 2.59
4435 2.71
4240 3.04
3610 2.92
4450 2.93
4830 2.69
4880 2.90
4105 2.57
3775 2.76
3935 2.56
4440 2.79
4145 2.87
4735 2.90
3770 2.54
4455 2.79
3785 2.96
3725 2.80
4345 2.58
4340 2.86
3790 2.74
4885 2.86
4260 2.79
3950 2.77
4710 2.67
3760 2.92
4730 3.03
3555 3.00
3780 2.91
4270 2.87
4900 2.79
4890 2.82
3795 2.70
4465 2.67
4995 2.75
4275 2.80
4330 2.89
4265 2.78
3800 2.85
3565 2.67
3550 2.64
4445 2.73
4740 3.02
4350 2.75
4460 2.79
4470 2.88
4360 2.62
3740 2.98
5000 3.16
3570 2.63
4755 2.82
4480 2.84
4985 2.86
4745 2.59
4325 2.85
4905 2.84
4895 3.00
4990 2.90
4910 2.58
4485 2.77
3815 2.49
4630 2.75
4750 2.73
4280 2.73
4285 2.73
4290 2.35
4300 2.65
4645 3.02
4655 2.99
3580 2.67
4425 2.71
4635 2.76
4765 2.81
4305 2.88
4475 2.79
4975 2.62
3585 2.82
3605 2.87
4250 2.81
3560 2.79
4760 2.78
4770 2.76
4915 2.62
4640 2.76
3590 3.03
4935 2.60
4315 2.76
4920 3.03
4925 3.05
4965 2.53
3810 2.83
3820 2.90
4775 2.72
4495 2.99
4320 2.71
4510 2.99
4650 2.60
4930 2.74
4295 2.69
4515 2.63
4310 2.61
4940 2.83
4945 2.63
4530 2.69
3830 2.82
4970 2.74
4335 2.79
4790 2.89
3575 2.49
4800 2.72
4725 3.06
3835 2.67
4785 3.07
3805 2.96
3595 2.90
3825 2.52
4505 2.96
4500 2.83
4520 2.81
4960 2.64
3600 2.80
4780 2.70
4525 2.76
4535 2.98
3910 2.83
4980 2.54
4950 2.82
3915 2.70
3900 2.84
3840 2.68
4955 2.51
4615 2.62
3905 2.98
4560 2.91
4565 2.71
3845 2.77
4590 2.66
3870 2.80
4595 2.97
4585 2.80
4570 2.79
3875 2.74
4550 2.71
4545 2.93
3865 2.60
4490 2.71
4540 2.65
4605 2.65
4620 2.84
3860 3.03
4610 2.71
4580 2.88
4600 2.61
3880 2.63
3885 2.59
4625 2.92
3855 2.39
3890 2.85
4575 2.84
3895 2.91
3850 2.78
4555 2.72
